 Состояние  Вероятность испускания
        s0: m = 1.1187475408418948, v = 0.8865319886285071 
        s1: m = 9.606809591372965, v = 1.8053494944272879 
        s2: m = 3.172491311258854, v = 1.1111609588070397 
        s3: m = 6.840457380685996, v = 0.7886317769458461 
None-start: 
  None-end: 
        s0    s1    s2    s3    
s0    9.78E-01  2.22E-02  0.00E+00  0.00E+00  
s1    0.00E+00  9.62E-01  3.80E-02  0.00E+00  
s2    0.00E+00  0.00E+00  9.75E-01  2.50E-02  
s3    4.00E-02  0.00E+00  0.00E+00  9.60E-01  
       s0      s1      s2      s3
s0  0.978   0.022   0.000   0.000   
s1  0.000   0.962   0.038   0.000   
s2  0.000   0.000   0.975   0.025   
s3  0.040   0.000   0.000   0.960   
 Состояние  Вероятность испускания
        s0: m = 2.9977173478862524, v = 0.20136780955156044 
        s1: m = 7.001496764578411, v = 0.09520323376785295 
        s2: m = 9.990103609050609, v = 0.1489713566865675 
        s3: m = 1.0043157316057092, v = 0.3011492228385174 
None-start: 
  None-end: 
        s0    s1    s2    s3    
s0    9.75E-01  2.50E-02  1.32E-61  3.98E-37  
s1    1.19E-76  9.60E-01  5.18E-243  4.00E-02  
s2    3.80E-02  8.60E-258  9.62E-01  8.14E-42  
s3    3.10E-37  3.51E-45  2.22E-02  9.78E-01  
       s0      s1      s2      s3
s0  0.975   0.025   0.000   0.000   
s1  0.000   0.960   0.000   0.040   
s2  0.038   0.000   0.962   0.000   
s3  0.000   0.000   0.022   0.978   
