-144.606    -304.295    -1214.911    1
-112.330    -270.621    -1544.044    1
-120.352    -688.565    -269.999    1
-163.060    -543.161    -999.590    1
-153.031    -310.517    -1175.547    1
-158.936    -328.592    -1012.529    1
-156.119    -333.763    -1081.844    1
 Состояние  Вероятность испускания
        s0: 'a' = 1.00E+00;    'b' = 1.43E-13;    'c' = 0.00E+00;    'd' = 7.42E-13;    
        s1: 'a' = 1.39E-19;    'b' = 7.26E-245;    'c' = 2.65E-21;    'd' = 1.00E+00;    
        s2: 'a' = 0.00E+00;    'b' = 3.05E-23;    'c' = 1.00E+00;    'd' = 7.16E-18;    
        s3: 'a' = 4.19E-25;    'b' = 1.00E+00;    'c' = 1.60E-30;    'd' = 7.41E-274;    
None-start: 
  None-end: 
        s0    s1    s2    s3    
s0    8.00E-01  2.78E-91  1.56E-208  2.00E-01  
s1    4.00E-02  9.60E-01  1.37E-127  0.00E+00  
s2    4.67E-261  6.67E-02  9.33E-01  3.96E-182  
s3    2.81E-101  0.00E+00  1.84E-02  9.82E-01  
       s0      s1      s2      s3
s0  0.800   0.000   0.000   0.200   
s1  0.040   0.960   0.000   0.000   
s2  0.000   0.067   0.933   0.000   
s3  0.000   0.000   0.018   0.982   
__________
 Состояние  Вероятность испускания
        s0: 'a' = 9.09E-02;    'b' = 9.09E-01;    'c' = 0.00E+00;    'd' = 0.00E+00;    
        s1: 'a' = 0.00E+00;    'b' = 0.00E+00;    'c' = 1.00E+00;    'd' = 0.00E+00;    
        s2: 'a' = 0.00E+00;    'b' = 0.00E+00;    'c' = 1.00E+00;    'd' = 0.00E+00;    
        s3: 'a' = 0.00E+00;    'b' = 0.00E+00;    'c' = 0.00E+00;    'd' = 1.00E+00;    
None-start: 
  None-end: 
        s0    s1    s2    s3    
s0    9.82E-01  1.45E-68  1.82E-02  0.00E+00  
s1    0.00E+00  9.80E-01  1.51E-11  2.00E-02  
s2    0.00E+00  2.00E-02  9.80E-01  1.00E-83  
s3    1.79E-02  0.00E+00  0.00E+00  9.82E-01  
       s0      s1      s2      s3
s0  0.982   0.000   0.018   0.000   
s1  0.000   0.980   0.000   0.020   
s2  0.000   0.020   0.980   0.000   
s3  0.018   0.000   0.000   0.982   
__________
 Состояние  Вероятность испускания
        s0: 'a' = 7.89E-01;    'b' = 0.00E+00;    'c' = 1.40E-01;    'd' = 7.02E-02;    
        s1: 'a' = 0.00E+00;    'b' = 1.00E+00;    'c' = 0.00E+00;    'd' = 0.00E+00;    
        s2: 'a' = 0.00E+00;    'b' = 1.00E+00;    'c' = 0.00E+00;    'd' = 0.00E+00;    
        s3: 'a' = 0.00E+00;    'b' = 1.00E+00;    'c' = 0.00E+00;    'd' = 0.00E+00;    
None-start: 
  None-end: 
        s0    s1    s2    s3    
s0    9.82E-01  1.75E-02  1.36E-272  1.48E-60  
s1    4.12E-299  9.81E-01  3.87E-27  1.85E-02  
s2    1.85E-02  2.63E-73  9.81E-01  1.55E-44  
s3    5.19E-133  5.34E-11  1.85E-02  9.81E-01  
       s0      s1      s2      s3
s0  0.982   0.018   0.000   0.000   
s1  0.000   0.981   0.000   0.019   
s2  0.019   0.000   0.981   0.000   
s3  0.000   0.000   0.019   0.981   
__________
